32 32
#blockages 166
1 28 1 28
2 28 2 28
3 28 3 28
4 28 4 28
5 28 5 28
6 28 6 28
7 28 7 28
8 28 8 28
9 28 9 28
10 28 10 28
11 28 11 28
12 28 12 28
13 28 13 28
14 28 14 28
15 28 15 28
16 28 16 28
17 28 17 28
4 26 4 26
18 26 18 26
4 25 4 25
4 24 4 24
20 24 20 24
4 23 4 23
4 22 4 22
22 22 22 22
4 21 4 21
24 20 24 20
1 17 1 17
2 17 2 17
3 17 3 17
4 17 4 17
10 15 10 15
11 15 11 15
12 15 12 15
13 15 13 15
14 15 14 15
15 15 15 15
16 15 16 15
17 15 17 15
19 15 19 15
20 15 20 15
21 15 21 15
10 14 10 14
21 14 21 14
1 13 1 13
9 13 9 13
10 13 10 13
21 13 21 13
22 13 22 13
23 13 23 13
24 13 24 13
25 13 25 13
26 13 26 13
27 13 27 13
28 13 28 13
29 13 29 13
30 13 30 13
31 13 31 13
32 13 32 13
7 12 7 12
8 12 8 12
9 12 9 12
10 12 10 12
31 12 31 12
32 12 32 12
22 11 22 11
23 11 23 11
24 11 24 11
25 11 25 11
26 11 26 11
27 11 27 11
28 11 28 11
29 11 29 11
31 11 31 11
32 11 32 11
9 10 9 10
16 10 16 10
22 10 22 10
23 10 23 10
24 10 24 10
25 10 25 10
26 10 26 10
27 10 27 10
28 10 28 10
29 10 29 10
31 10 31 10
32 10 32 10
5 9 5 9
14 9 14 9
15 9 15 9
16 9 16 9
29 9 29 9
31 9 31 9
32 9 32 9
1 8 1 8
4 8 4 8
10 8 10 8
23 8 23 8
24 8 24 8
25 8 25 8
26 8 26 8
27 8 27 8
29 8 29 8
31 8 31 8
32 8 32 8
20 7 20 7
29 7 29 7
31 7 31 7
32 7 32 7
9 6 9 6
20 6 20 6
31 6 31 6
32 6 32 6
6 5 6 5
9 5 9 5
20 5 20 5
21 5 21 5
22 5 22 5
31 5 31 5
32 5 32 5
7 4 7 4
9 4 9 4
31 4 31 4
32 4 32 4
1 3 1 3
2 3 2 3
3 3 3 3
5 3 5 3
10 3 10 3
24 3 24 3
25 3 25 3
27 3 27 3
31 3 31 3
32 3 32 3
1 2 1 2
2 2 2 2
3 2 3 2
10 2 10 2
11 2 11 2
12 2 12 2
20 2 20 2
21 2 21 2
22 2 22 2
23 2 23 2
24 2 24 2
25 2 25 2
27 2 27 2
30 2 30 2
31 2 31 2
32 2 32 2
1 1 1 1
2 1 2 1
3 1 3 1
4 1 4 1
5 1 5 1
6 1 6 1
7 1 7 1
8 1 8 1
9 1 9 1
10 1 10 1
11 1 11 1
12 1 12 1
25 1 25 1
30 1 30 1
31 1 31 1
32 1 32 1
#interconnections 23
24 25 19 20
8 10 2 5
15 29 15 27
4 13 2 9
14 13 13 12
27 6 27 4
7 24 3 19
15 13 13 11
3 16 1 11
24 28 16 20
17 14 23 3
24 26 18 20
14 8 16 6
24 27 17 20
28 8 25 7
16 13 13 10
5 20 2 15
16 8 14 7
5 12 3 8
6 27 2 21
20 4 29 3
18 10 3 4
25 5 28 5
